.Random.seed <-
c(403L, 532L, 1313347924L, 1871810394L, 1011383459L, 542971573L, 
-1187392539L, -1841977675L, 1217131604L, -1944452603L, 1098034341L, 
-804520486L, 840805590L, -1928576924L, -1430251380L, -1139436677L, 
-2136175183L, 1399219124L, 983913715L, -1958100421L, 819814570L, 
-101387085L, 1988446300L, 1773434296L, 1028871771L, 1264709853L, 
1233822260L, -352907293L, -1874091233L, 1376956845L, -1760093132L, 
-1522448913L, -1077291149L, 21512807L, 1374310655L, -216158555L, 
1032372804L, -2131685284L, -1247877548L, -195661280L, -1193461112L, 
406537232L, 1366304989L, -154045753L, -918621168L, 769800744L, 
1093857437L, 1837589316L, 959891772L, -719808962L, 764802012L, 
-714351040L, 113797869L, 1889521760L, -1691668836L, 1180793697L, 
-839820112L, -991859193L, 1862820205L, -695036218L, 1812812603L, 
575668592L, 1297789652L, 1615165201L, 1872370822L, 1275602355L, 
238960436L, 217263229L, -1743699477L, -336430177L, 1946276898L, 
-51047926L, 335686119L, 1868745363L, -1879114386L, -239507944L, 
-123202664L, -1086065649L, 520396406L, 85978089L, -1175046236L, 
1884875031L, -1192695774L, 1266617047L, 1536889729L, -764534926L, 
-921373109L, 1047329928L, -2075286222L, -322845886L, 1550309448L, 
-1443985874L, 426960922L, 329268207L, -1292289121L, -733595876L, 
-47705416L, 1538462075L, 461864706L, 901229296L, -949594389L, 
-1372822103L, 1078727042L, -852223136L, 2064479292L, 469194534L, 
-1692101348L, -1326676204L, -1167590146L, 1447819969L, 1740561448L, 
310324356L, 1159333394L, -1649710625L, 1309005753L, 1620056043L, 
-276036353L, -1947036044L, -167957757L, -1073647714L, -2116038119L, 
-805885834L, -744848943L, 366767435L, -352340781L, 1599535855L, 
514109103L, 323296404L, -335287805L, -224216873L, -161023865L, 
786897141L, -130409155L, 1160446270L, 556864385L, 1119301421L, 
1686985943L, -258984081L, -1980102978L, -467100411L, -209450057L, 
1139741027L, 1425551935L, -172315197L, 1696991401L, 1544576071L, 
-1235589375L, -651734299L, 1211549043L, -1804251286L, -1833360148L, 
-984096802L, -1628949810L, 8538312L, 432153794L, 305942613L, 
1808431964L, 853733524L, -1605692859L, -385367678L, 2141939616L, 
889773407L, -1560609642L, 670905649L, 334411293L, 1986402167L, 
2033870206L, 2134300301L, -2064582382L, -626346565L, 1439629109L, 
-1488737583L, 226757300L, -1344407788L, -276329690L, -1609546781L, 
-1931070875L, -1080666228L, -1697864201L, -740486497L, 957639L, 
835570953L, 84725091L, -1091466133L, 91751578L, -1466541146L, 
28398023L, -279877742L, -1912375291L, 2143554198L, 1895134001L, 
859721695L, -1642408008L, 148459404L, 1279722084L, 11639361L, 
-1186157268L, -2049545183L, 1929906479L, 479992801L, -1233036366L, 
1132495183L, -1717869394L, 1192119769L, 701016453L, -353462329L, 
1849679222L, -88610627L, 1268564785L, 1780888828L, 2125555696L, 
-479454132L, 381014479L, 1731827411L, -1497293413L, 1765610629L, 
-257146116L, -1672646416L, 279572202L, 306061705L, 363542578L, 
2043684836L, -2087600401L, -18100679L, 130429363L, -206253433L, 
-1877476275L, -1110886980L, 370895704L, 1937535833L, -458899417L, 
1933513839L, 1851745682L, -1759551850L, -1424097819L, -1409590771L, 
-1445940234L, 1476939385L, -75749314L, -512187962L, -246840201L, 
-1402437621L, -712433900L, 748518695L, -1206528520L, 1269096214L, 
-1424522002L, 306993153L, -1748232238L, -1953861210L, 1854731988L, 
1949973704L, 2113990654L, -1035297672L, -982113110L, 1947747532L, 
-445683723L, -1422336527L, 342451150L, -507937006L, 835723234L, 
-1305861749L, -2076961L, 1963086836L, 1777323305L, -603589976L, 
1080406293L, -1525958639L, -2102281422L, -1949428444L, 534768422L, 
-956054234L, 1217023252L, 1166857033L, 623089757L, 2063298512L, 
-620443337L, 57617896L, -1412861617L, -2143192173L, 1221810917L, 
-1831504418L, 433245121L, -1494205908L, -1595423097L, 618652748L, 
1823284534L, -1975790459L, 944624583L, -1978478274L, -253539083L, 
-462197135L, -1114266908L, -922829841L, 1205417697L, 646277154L, 
1729713966L, 355692987L, 132643960L, 1888913730L, 2132596438L, 
795730174L, 2087034140L, -791602328L, 835529196L, 1599434274L, 
-561592179L, 1725668202L, 1560611807L, -2012209521L, -1629575171L, 
-458089249L, -23267003L, 964024514L, -1272882513L, 1236391732L, 
1392262569L, 1719968820L, -816708679L, -253696196L, -1999483729L, 
-879828673L, 774026514L, 2032852514L, 265849025L, -1032488828L, 
888611850L, -557908513L, 242929886L, -853928924L, 1795396519L, 
-645381594L, -1265672393L, -48545467L, 1751878167L, -1176229327L, 
1712417278L, -192564525L, 1961264818L, -251913527L, -17410384L, 
-482501633L, 735216203L, 1651195944L, 1487942672L, -1690451385L, 
981921524L, 1875073328L, -1902904317L, -1276058861L, 124430661L, 
1201133121L, -36499579L, -109105456L, 392425457L, 897127536L, 
-1279061377L, -1363233155L, -2007340730L, -905842946L, -887240161L, 
1479417822L, 1500778929L, 1466912977L, 812638707L, -2057320565L, 
2068831285L, -1049121129L, 1998379119L, 207096865L, 447981423L, 
-937392999L, 1943901795L, -107458212L, -138672881L, -1023681436L, 
-1446415999L, 66593794L, -274569338L, -2142851735L, 1962274868L, 
-260423225L, 848068533L, -1542630154L, -868285626L, 638924723L, 
-854628924L, 1125942533L, -649860011L, -973015008L, 590638971L, 
-158072121L, 294744765L, 4475861L, -1168788891L, 1088711993L, 
1866282938L, -1972286214L, 730559500L, 476356180L, -643462965L, 
1145283670L, -1789320019L, 1394756070L, 1360865552L, 442757964L, 
482432621L, 866748070L, 1098009718L, 1829802919L, 1430291759L, 
-1092585109L, 1585044133L, -2048575248L, -1733890113L, 1959791537L, 
-1554152768L, -1232796444L, 55241962L, 618750999L, -1604134765L, 
-334997900L, -329001808L, -131647435L, -1173666250L, -390668357L, 
-1435906115L, -1800810938L, 515985026L, 2135250434L, -1131126307L, 
1500178268L, -1419074199L, -2097621264L, -1595537173L, -119195356L, 
-933183808L, 1258750368L, -1576216741L, -2109603222L, -114161474L, 
407866045L, 143180735L, -1955314723L, -563023849L, 943100547L, 
-525904233L, 1203626173L, 298193165L, 243465545L, 1781374980L, 
193452035L, 1680045763L, -1527622795L, -1795637087L, -741238918L, 
-1464754509L, 393604555L, 815707509L, 394882594L, -1224578437L, 
-1812068853L, -326236336L, 884326570L, -242406610L, -796869644L, 
-2009573940L, -1929478690L, -24546421L, 1645754250L, 1758904072L, 
-625256378L, 1484952523L, 51300200L, 2097643165L, -644469584L, 
1463679013L, 1230080733L, -225241322L, 1340024590L, -906536550L, 
267804114L, -2053227290L, 1280884626L, -1509434552L, 715641015L, 
-1230219346L, -2080901838L, 1526982232L, -961182793L, 1354426796L, 
-1819048544L, 402152231L, 1364528591L, 1804221413L, -391129488L, 
1767561636L, -327907125L, 1136370555L, -1993797245L, 575464991L, 
-1344405105L, 596664572L, -179105035L, 1371915085L, 1160648991L, 
-1278296665L, 1038267328L, 2124553203L, 1844569236L, -1935370541L, 
768719328L, -862231222L, 2006606051L, 1600764073L, -160569050L, 
-641177427L, 1450448111L, 964835699L, -168653407L, -235867833L, 
-2140989170L, -979222517L, 1847316285L, -1375890997L, -619527280L, 
-268442869L, -555700851L, -947320017L, -117270963L, 905734377L, 
2040206464L, 189927684L, 1946772916L, 2063644288L, 1236821922L, 
356581126L, 961632549L, 1477105165L, 2021674991L, -201833932L, 
-1674640108L, -374676286L, 900859425L, -1120503690L, 858929571L, 
580402156L, 1850701053L, 482648387L, -1887578264L, -1272735428L, 
1847053487L, 1682931620L, 91199275L, -698201210L, 1455847850L, 
1617511191L, -2010753409L, -138736895L, 1011671890L, 1358821823L, 
535141707L, 902747138L, -1671815282L, 1725905177L, 942921105L, 
-1944705495L, -1123750932L, -1814790220L, 811191462L, 1136178868L, 
2108013845L, 2036310821L, 1647796877L, 737275416L, 448693843L, 
551943530L, -295170845L, -1213943211L, 1569163441L, -1826759528L, 
115090139L, 388763308L, -131506358L, -1491736754L, -1496442366L, 
1060591815L, -1737500855L, -772006308L, -458085092L, 1697885227L, 
-617111090L, -1379906226L, -1815127813L, 1111219806L, -1255421555L, 
999218138L, 1977126068L, 781672536L, 1205250271L, 1414748230L, 
1331187882L, 1481475622L, 892770178L, -1889921295L, -1870961089L, 
